# Enhanced routing data format for plot_routing.py
# Cell format: CELL x y width height cell_name
CELL 16 15 6 14 NOR2_3
CELL 36 44 6 15 NOR2_2
CELL 52 0 6 15 NOR2_1
CELL 4 29 6 15 NOR2_0
CELL 8 15 8 14 OR2_0
CELL 0 29 4 15 VDD
CELL 22 15 4 14 NOT_1
CELL 46 44 8 15 OR2_1
CELL 0 15 4 14 G0
CELL 4 15 4 14 G17
CELL 0 0 4 15 G3
CELL 44 29 4 15 G2
CELL 4 0 6 15 NAND2_0
CELL 10 29 34 15 DFF_0
CELL 48 29 4 15 CK
CELL 26 15 4 14 NOT_0
CELL 0 44 34 15 DFF_1
CELL 30 15 4 14 G1
CELL 44 0 8 15 AND2_0
CELL 10 0 34 15 DFF_2

# Routing format: x1 y1 z1 x2 y2 z2 net_id
24 22 1 24 23 1 -1255419513
24 23 1 24 24 1 -1255419513
24 24 1 24 24 2 -1255419513
24 24 2 25 24 2 -1255419513
25 24 2 26 24 2 -1255419513
26 24 2 27 24 2 -1255419513
27 24 2 28 24 2 -1255419513
28 24 2 29 24 2 -1255419513
29 24 2 30 24 2 -1255419513
30 24 2 31 24 2 -1255419513
31 24 2 32 24 2 -1255419513
32 24 2 33 24 2 -1255419513
33 24 2 34 24 2 -1255419513
34 24 2 35 24 2 -1255419513
35 24 2 36 24 2 -1255419513
36 24 2 37 24 2 -1255419513
37 24 2 38 24 2 -1255419513
38 24 2 39 24 2 -1255419513
39 24 2 40 24 2 -1255419513
40 24 2 41 24 2 -1255419513
41 24 2 42 24 2 -1255419513
42 24 2 43 24 2 -1255419513
43 24 2 44 24 2 -1255419513
44 24 2 45 24 2 -1255419513
45 24 2 46 24 2 -1255419513
46 24 2 47 24 2 -1255419513
47 24 2 48 24 2 -1255419513
48 24 2 49 24 2 -1255419513
49 24 2 50 24 2 -1255419513
50 24 2 51 24 2 -1255419513
51 24 2 52 24 2 -1255419513
52 24 2 53 24 2 -1255419513
53 24 2 54 24 2 -1255419513
54 24 2 55 24 2 -1255419513
55 24 2 56 24 2 -1255419513
56 24 2 57 24 2 -1255419513
57 24 2 58 24 2 -1255419513
58 24 2 59 24 2 -1255419513
59 24 2 59 24 1 -1255419513
59 24 1 59 25 1 -1255419513
59 25 1 59 26 1 -1255419513
59 26 1 59 27 1 -1255419513
59 27 1 59 28 1 -1255419513
59 28 1 59 29 1 -1255419513
59 29 1 59 30 1 -1255419513
59 30 1 59 31 1 -1255419513
59 31 1 59 32 1 -1255419513
59 32 1 59 33 1 -1255419513
59 33 1 59 34 1 -1255419513
59 34 1 59 35 1 -1255419513
59 35 1 59 36 1 -1255419513
59 36 1 59 37 1 -1255419513
59 37 1 59 38 1 -1255419513
59 38 1 59 39 1 -1255419513
59 39 1 59 40 1 -1255419513
59 40 1 59 41 1 -1255419513
59 41 1 59 42 1 -1255419513
59 42 1 59 43 1 -1255419513
59 43 1 59 44 1 -1255419513
59 44 1 59 45 1 -1255419513
59 45 1 59 46 1 -1255419513
59 46 1 59 47 1 -1255419513
59 47 1 59 48 1 -1255419513
59 48 1 59 49 1 -1255419513
59 49 1 59 50 1 -1255419513
59 50 1 59 51 1 -1255419513
59 51 1 59 52 1 -1255419513
59 52 1 59 53 1 -1255419513
59 53 1 59 54 1 -1255419513
59 54 1 59 55 1 -1255419513
59 55 1 59 56 1 -1255419513
59 56 1 59 57 1 -1255419513
59 57 1 59 58 1 -1255419513
59 58 1 59 59 1 -1255419513
59 59 1 59 60 1 -1255419513
59 60 1 59 61 1 -1255419513
59 61 1 59 62 1 -1255419513
59 62 1 59 63 1 -1255419513
59 63 1 59 64 1 -1255419513
59 64 1 59 65 1 -1255419513
59 65 1 59 66 1 -1255419513
59 66 1 59 67 1 -1255419513
59 67 1 59 68 1 -1255419513
59 68 1 59 69 1 -1255419513
59 69 1 59 70 1 -1255419513
59 70 1 59 71 1 -1255419513
39 52 1 39 52 2 -1101306972
39 52 2 38 52 2 -1101306972
38 52 2 37 52 2 -1101306972
37 52 2 36 52 2 -1101306972
36 52 2 35 52 2 -1101306972
35 52 2 34 52 2 -1101306972
34 52 2 33 52 2 -1101306972
33 52 2 32 52 2 -1101306972
32 52 2 31 52 2 -1101306972
31 52 2 30 52 2 -1101306972
30 52 2 29 52 2 -1101306972
29 52 2 28 52 2 -1101306972
28 52 2 27 52 2 -1101306972
27 52 2 26 52 2 -1101306972
26 52 2 25 52 2 -1101306972
25 52 2 24 52 2 -1101306972
24 52 2 23 52 2 -1101306972
23 52 2 22 52 2 -1101306972
22 52 2 21 52 2 -1101306972
21 52 2 20 52 2 -1101306972
20 52 2 19 52 2 -1101306972
19 52 2 19 52 1 -1101306972
19 52 1 19 51 1 -1101306972
19 51 1 19 50 1 -1101306972
19 50 1 19 49 1 -1101306972
19 49 1 19 48 1 -1101306972
19 48 1 19 47 1 -1101306972
19 47 1 19 46 1 -1101306972
19 46 1 19 45 1 -1101306972
19 45 1 19 44 1 -1101306972
19 44 1 19 43 1 -1101306972
19 43 1 19 42 1 -1101306972
19 42 1 19 41 1 -1101306972
19 41 1 19 40 1 -1101306972
19 40 1 19 39 1 -1101306972
19 39 1 19 38 1 -1101306972
19 38 1 19 37 1 -1101306972
19 37 1 19 36 1 -1101306972
19 36 1 19 35 1 -1101306972
19 35 1 19 34 1 -1101306972
19 34 1 19 33 1 -1101306972
19 33 1 19 32 1 -1101306972
19 32 1 19 31 1 -1101306972
19 31 1 19 30 1 -1101306972
19 30 1 19 29 1 -1101306972
19 29 1 19 28 1 -1101306972
19 28 1 19 27 1 -1101306972
19 27 1 19 26 1 -1101306972
19 26 1 19 25 1 -1101306972
19 25 1 19 24 1 -1101306972
19 24 1 19 23 1 -1101306972
19 23 1 19 22 1 -1101306972
19 22 1 19 21 1 -1101306972
19 21 1 19 21 2 -1101306972
19 21 2 18 21 2 -1101306972
18 21 2 17 21 2 -1101306972
17 21 2 16 21 2 -1101306972
16 21 2 15 21 2 -1101306972
15 21 2 14 21 2 -1101306972
14 21 2 13 21 2 -1101306972
13 21 2 12 21 2 -1101306972
12 21 2 12 21 1 -1101306972
12 21 1 12 22 1 -1101306972
7 7 1 7 6 1 -378617486
7 6 1 7 5 1 -378617486
7 5 1 7 5 2 -378617486
7 5 2 8 5 2 -378617486
8 5 2 9 5 2 -378617486
9 5 2 10 5 2 -378617486
10 5 2 11 5 2 -378617486
11 5 2 12 5 2 -378617486
12 5 2 13 5 2 -378617486
13 5 2 14 5 2 -378617486
14 5 2 15 5 2 -378617486
15 5 2 16 5 2 -378617486
16 5 2 17 5 2 -378617486
17 5 2 18 5 2 -378617486
18 5 2 19 5 2 -378617486
19 5 2 20 5 2 -378617486
20 5 2 21 5 2 -378617486
21 5 2 22 5 2 -378617486
22 5 2 23 5 2 -378617486
23 5 2 24 5 2 -378617486
24 5 2 25 5 2 -378617486
25 5 2 26 5 2 -378617486
26 5 2 27 5 2 -378617486
27 5 2 28 5 2 -378617486
28 5 2 29 5 2 -378617486
29 5 2 30 5 2 -378617486
30 5 2 31 5 2 -378617486
31 5 2 32 5 2 -378617486
32 5 2 33 5 2 -378617486
33 5 2 34 5 2 -378617486
34 5 2 35 5 2 -378617486
35 5 2 36 5 2 -378617486
36 5 2 37 5 2 -378617486
37 5 2 38 5 2 -378617486
38 5 2 39 5 2 -378617486
39 5 2 40 5 2 -378617486
40 5 2 41 5 2 -378617486
41 5 2 42 5 2 -378617486
42 5 2 43 5 2 -378617486
43 5 2 44 5 2 -378617486
44 5 2 45 5 2 -378617486
45 5 2 46 5 2 -378617486
46 5 2 47 5 2 -378617486
47 5 2 48 5 2 -378617486
48 5 2 49 5 2 -378617486
49 5 2 50 5 2 -378617486
50 5 2 51 5 2 -378617486
51 5 2 52 5 2 -378617486
52 5 2 53 5 2 -378617486
53 5 2 54 5 2 -378617486
54 5 2 55 5 2 -378617486
55 5 2 55 5 1 -378617486
55 5 1 55 6 1 -378617486
55 6 1 55 7 1 -378617486
12 22 1 12 22 2 -321259308
12 22 2 11 22 2 -321259308
11 22 2 10 22 2 -321259308
10 22 2 9 22 2 -321259308
9 22 2 8 22 2 -321259308
8 22 2 7 22 2 -321259308
7 22 2 7 22 1 -321259308
7 22 1 7 21 1 -321259308
7 21 1 7 20 1 -321259308
7 20 1 7 19 1 -321259308
7 19 1 7 18 1 -321259308
7 18 1 7 17 1 -321259308
7 17 1 7 16 1 -321259308
7 16 1 7 15 1 -321259308
7 15 1 7 14 1 -321259308
7 14 1 7 13 1 -321259308
7 13 1 7 12 1 -321259308
7 12 1 7 11 1 -321259308
7 11 1 7 10 1 -321259308
7 10 1 7 9 1 -321259308
7 9 1 7 8 1 -321259308
7 8 1 7 7 1 -321259308
55 7 1 55 8 1 72568704
55 8 1 55 8 2 72568704
55 8 2 54 8 2 72568704
54 8 2 53 8 2 72568704
53 8 2 52 8 2 72568704
52 8 2 51 8 2 72568704
51 8 2 50 8 2 72568704
50 8 2 49 8 2 72568704
49 8 2 48 8 2 72568704
48 8 2 47 8 2 72568704
47 8 2 46 8 2 72568704
46 8 2 45 8 2 72568704
45 8 2 44 8 2 72568704
44 8 2 43 8 2 72568704
43 8 2 42 8 2 72568704
42 8 2 41 8 2 72568704
41 8 2 40 8 2 72568704
40 8 2 39 8 2 72568704
39 8 2 38 8 2 72568704
38 8 2 37 8 2 72568704
37 8 2 36 8 2 72568704
36 8 2 35 8 2 72568704
35 8 2 34 8 2 72568704
34 8 2 33 8 2 72568704
33 8 2 32 8 2 72568704
32 8 2 31 8 2 72568704
31 8 2 30 8 2 72568704
30 8 2 29 8 2 72568704
29 8 2 28 8 2 72568704
28 8 2 27 8 2 72568704
27 8 2 26 8 2 72568704
26 8 2 25 8 2 72568704
25 8 2 24 8 2 72568704
24 8 2 24 8 1 72568704
24 8 1 24 9 1 72568704
24 9 1 24 10 1 72568704
24 10 1 24 11 1 72568704
24 11 1 24 12 1 72568704
24 12 1 24 13 1 72568704
24 13 1 24 14 1 72568704
24 14 1 24 15 1 72568704
24 15 1 24 16 1 72568704
24 16 1 24 17 1 72568704
24 17 1 24 18 1 72568704
24 18 1 24 19 1 72568704
24 19 1 24 20 1 72568704
24 20 1 24 21 1 72568704
24 21 1 24 22 1 72568704
24 22 1 24 22 2 72568704
24 22 2 23 22 2 72568704
23 22 2 22 22 2 72568704
22 22 2 21 22 2 72568704
21 22 2 20 22 2 72568704
20 22 2 19 22 2 72568704
19 22 2 18 22 2 72568704
18 22 2 17 22 2 72568704
17 22 2 16 22 2 72568704
16 22 2 15 22 2 72568704
15 22 2 14 22 2 72568704
14 22 2 14 22 1 72568704
14 22 1 14 23 1 72568704
14 23 1 14 24 1 72568704
14 24 1 14 25 1 72568704
14 25 1 14 26 1 72568704
14 26 1 14 27 1 72568704
14 27 1 14 28 1 72568704
14 28 1 14 29 1 72568704
14 29 1 14 30 1 72568704
14 30 1 14 31 1 72568704
14 31 1 14 32 1 72568704
14 32 1 14 33 1 72568704
14 33 1 14 34 1 72568704
14 34 1 14 35 1 72568704
14 35 1 14 36 1 72568704
14 36 1 14 37 1 72568704
14 37 1 14 37 2 72568704
14 37 2 13 37 2 72568704
13 37 2 12 37 2 72568704
12 37 2 11 37 2 72568704
11 37 2 10 37 2 72568704
10 37 2 9 37 2 72568704
9 37 2 8 37 2 72568704
8 37 2 7 37 2 72568704
7 37 2 7 37 1 72568704
28 22 1 28 22 2 163962302
28 22 2 29 22 2 163962302
29 22 2 30 22 2 163962302
30 22 2 31 22 2 163962302
31 22 2 32 22 2 163962302
32 22 2 33 22 2 163962302
33 22 2 34 22 2 163962302
34 22 2 35 22 2 163962302
35 22 2 36 22 2 163962302
36 22 2 37 22 2 163962302
37 22 2 38 22 2 163962302
38 22 2 39 22 2 163962302
39 22 2 40 22 2 163962302
40 22 2 41 22 2 163962302
41 22 2 42 22 2 163962302
42 22 2 43 22 2 163962302
43 22 2 44 22 2 163962302
44 22 2 45 22 2 163962302
45 22 2 46 22 2 163962302
46 22 2 47 22 2 163962302
47 22 2 48 22 2 163962302
48 22 2 48 22 1 163962302
48 22 1 48 21 1 163962302
48 21 1 48 20 1 163962302
48 20 1 48 19 1 163962302
48 19 1 48 18 1 163962302
48 18 1 48 17 1 163962302
48 17 1 48 16 1 163962302
48 16 1 48 15 1 163962302
48 15 1 48 14 1 163962302
48 14 1 48 13 1 163962302
48 13 1 48 12 1 163962302
48 12 1 48 11 1 163962302
48 11 1 48 10 1 163962302
48 10 1 48 9 1 163962302
48 9 1 48 8 1 163962302
48 8 1 48 7 1 163962302
28 22 1 28 23 1 163962302
28 23 1 28 23 2 163962302
28 23 2 27 23 2 163962302
27 23 2 26 23 2 163962302
26 23 2 25 23 2 163962302
25 23 2 24 23 2 163962302
24 23 2 23 23 2 163962302
23 23 2 22 23 2 163962302
22 23 2 21 23 2 163962302
21 23 2 20 23 2 163962302
20 23 2 19 23 2 163962302
19 23 2 18 23 2 163962302
18 23 2 17 23 2 163962302
17 23 2 16 23 2 163962302
16 23 2 15 23 2 163962302
15 23 2 14 23 2 163962302
14 23 2 13 23 2 163962302
13 23 2 12 23 2 163962302
12 23 2 11 23 2 163962302
11 23 2 10 23 2 163962302
10 23 2 9 23 2 163962302
9 23 2 8 23 2 163962302
8 23 2 7 23 2 163962302
7 23 2 7 23 1 163962302
7 23 1 7 24 1 163962302
7 24 1 7 25 1 163962302
7 25 1 7 26 1 163962302
7 26 1 7 27 1 163962302
7 27 1 7 28 1 163962302
7 28 1 7 29 1 163962302
7 29 1 7 30 1 163962302
7 30 1 7 31 1 163962302
7 31 1 7 32 1 163962302
7 32 1 7 33 1 163962302
7 33 1 7 34 1 163962302
7 34 1 7 35 1 163962302
7 35 1 7 36 1 163962302
7 36 1 7 37 1 163962302
50 52 1 50 51 1 700707547
50 51 1 50 50 1 700707547
50 50 1 50 49 1 700707547
50 49 1 50 48 1 700707547
50 48 1 50 47 1 700707547
50 47 1 50 46 1 700707547
50 46 1 50 45 1 700707547
50 45 1 50 44 1 700707547
50 44 1 50 43 1 700707547
50 43 1 50 42 1 700707547
50 42 1 50 41 1 700707547
50 41 1 50 40 1 700707547
50 40 1 50 39 1 700707547
50 39 1 50 38 1 700707547
50 38 1 50 37 1 700707547
50 37 1 50 36 1 700707547
50 36 1 50 35 1 700707547
50 35 1 50 34 1 700707547
50 34 1 50 33 1 700707547
50 33 1 50 32 1 700707547
50 32 1 50 31 1 700707547
50 31 1 50 30 1 700707547
50 30 1 50 29 1 700707547
50 29 1 50 28 1 700707547
50 28 1 50 27 1 700707547
50 27 1 50 26 1 700707547
50 26 1 50 25 1 700707547
50 25 1 50 24 1 700707547
50 24 1 50 23 1 700707547
50 23 1 50 22 1 700707547
50 22 1 50 21 1 700707547
50 21 1 50 20 1 700707547
50 20 1 50 19 1 700707547
50 19 1 50 18 1 700707547
50 18 1 50 17 1 700707547
50 17 1 50 16 1 700707547
50 16 1 50 15 1 700707547
50 15 1 50 14 1 700707547
50 14 1 50 13 1 700707547
50 13 1 50 12 1 700707547
50 12 1 50 11 1 700707547
50 11 1 50 10 1 700707547
50 10 1 50 9 1 700707547
50 9 1 50 8 1 700707547
50 8 1 50 7 1 700707547
50 7 1 50 7 2 700707547
50 7 2 49 7 2 700707547
49 7 2 48 7 2 700707547
48 7 2 47 7 2 700707547
47 7 2 46 7 2 700707547
46 7 2 45 7 2 700707547
45 7 2 44 7 2 700707547
44 7 2 43 7 2 700707547
43 7 2 42 7 2 700707547
42 7 2 41 7 2 700707547
41 7 2 40 7 2 700707547
40 7 2 39 7 2 700707547
39 7 2 38 7 2 700707547
38 7 2 37 7 2 700707547
37 7 2 36 7 2 700707547
36 7 2 35 7 2 700707547
35 7 2 34 7 2 700707547
34 7 2 33 7 2 700707547
33 7 2 32 7 2 700707547
32 7 2 31 7 2 700707547
31 7 2 30 7 2 700707547
30 7 2 29 7 2 700707547
29 7 2 28 7 2 700707547
28 7 2 27 7 2 700707547
27 7 2 26 7 2 700707547
26 7 2 25 7 2 700707547
25 7 2 24 7 2 700707547
24 7 2 23 7 2 700707547
23 7 2 22 7 2 700707547
22 7 2 21 7 2 700707547
21 7 2 20 7 2 700707547
20 7 2 19 7 2 700707547
19 7 2 18 7 2 700707547
18 7 2 17 7 2 700707547
17 7 2 16 7 2 700707547
16 7 2 15 7 2 700707547
15 7 2 14 7 2 700707547
14 7 2 13 7 2 700707547
13 7 2 12 7 2 700707547
12 7 2 11 7 2 700707547
11 7 2 10 7 2 700707547
10 7 2 9 7 2 700707547
9 7 2 8 7 2 700707547
8 7 2 7 7 2 700707547
7 7 2 7 7 1 700707547
48 7 1 48 6 1 787433154
48 6 1 48 6 2 787433154
48 6 2 49 6 2 787433154
49 6 2 49 6 1 787433154
49 6 1 49 7 1 787433154
49 7 1 49 8 1 787433154
49 8 1 49 9 1 787433154
49 9 1 49 10 1 787433154
49 10 1 49 11 1 787433154
49 11 1 49 12 1 787433154
49 12 1 49 13 1 787433154
49 13 1 49 14 1 787433154
49 14 1 49 15 1 787433154
49 15 1 49 16 1 787433154
49 16 1 49 17 1 787433154
49 17 1 49 18 1 787433154
49 18 1 49 19 1 787433154
49 19 1 49 20 1 787433154
49 20 1 49 21 1 787433154
49 21 1 49 22 1 787433154
49 22 1 49 23 1 787433154
49 23 1 49 24 1 787433154
49 24 1 49 25 1 787433154
49 25 1 49 26 1 787433154
49 26 1 49 27 1 787433154
49 27 1 49 28 1 787433154
49 28 1 49 29 1 787433154
49 29 1 49 30 1 787433154
49 30 1 49 31 1 787433154
49 31 1 49 32 1 787433154
49 32 1 49 33 1 787433154
49 33 1 49 34 1 787433154
49 34 1 49 35 1 787433154
49 35 1 49 36 1 787433154
49 36 1 49 37 1 787433154
49 37 1 49 38 1 787433154
49 38 1 49 39 1 787433154
49 39 1 49 40 1 787433154
49 40 1 49 41 1 787433154
49 41 1 49 42 1 787433154
49 42 1 49 43 1 787433154
49 43 1 49 44 1 787433154
49 44 1 49 45 1 787433154
49 45 1 49 46 1 787433154
49 46 1 49 47 1 787433154
49 47 1 49 48 1 787433154
49 48 1 49 49 1 787433154
49 49 1 49 50 1 787433154
49 50 1 49 51 1 787433154
49 51 1 49 52 1 787433154
49 52 1 49 52 2 787433154
49 52 2 50 52 2 787433154
50 52 2 50 52 1 787433154
48 7 1 48 6 1 787433154
48 6 1 48 6 2 787433154
48 6 2 47 6 2 787433154
47 6 2 46 6 2 787433154
46 6 2 45 6 2 787433154
45 6 2 44 6 2 787433154
44 6 2 43 6 2 787433154
43 6 2 42 6 2 787433154
42 6 2 41 6 2 787433154
41 6 2 40 6 2 787433154
40 6 2 39 6 2 787433154
39 6 2 38 6 2 787433154
38 6 2 37 6 2 787433154
37 6 2 36 6 2 787433154
36 6 2 35 6 2 787433154
35 6 2 34 6 2 787433154
34 6 2 33 6 2 787433154
33 6 2 32 6 2 787433154
32 6 2 31 6 2 787433154
31 6 2 30 6 2 787433154
30 6 2 29 6 2 787433154
29 6 2 28 6 2 787433154
28 6 2 27 6 2 787433154
27 6 2 26 6 2 787433154
26 6 2 25 6 2 787433154
25 6 2 24 6 2 787433154
24 6 2 23 6 2 787433154
23 6 2 22 6 2 787433154
22 6 2 21 6 2 787433154
21 6 2 20 6 2 787433154
20 6 2 19 6 2 787433154
19 6 2 18 6 2 787433154
18 6 2 17 6 2 787433154
17 6 2 16 6 2 787433154
16 6 2 15 6 2 787433154
15 6 2 14 6 2 787433154
14 6 2 13 6 2 787433154
13 6 2 13 6 1 787433154
13 6 1 13 7 1 787433154
13 7 1 13 8 1 787433154
13 8 1 13 9 1 787433154
13 9 1 13 10 1 787433154
13 10 1 13 11 1 787433154
13 11 1 13 12 1 787433154
13 12 1 13 13 1 787433154
13 13 1 13 14 1 787433154
13 14 1 13 15 1 787433154
13 15 1 13 16 1 787433154
13 16 1 13 17 1 787433154
13 17 1 13 18 1 787433154
13 18 1 13 19 1 787433154
13 19 1 13 20 1 787433154
13 20 1 13 21 1 787433154
13 21 1 13 22 1 787433154
13 22 1 13 23 1 787433154
13 23 1 13 24 1 787433154
13 24 1 13 24 2 787433154
13 24 2 12 24 2 787433154
12 24 2 12 24 1 787433154
12 24 1 12 23 1 787433154
12 23 1 12 22 1 787433154
